13 empty classroom_group -0.950795 -0.326237 0.824993 3.14159 -0 -3.14159 0.14 0.14 0.14 1 1 1 1 none Noise1(Default) -1 1 0 -1 0 1 10 1 1 1 1 1 0 0 0 1 0.02 1 0.785398 0.392699 3 0.3 1 2 1 0.25 2.983 10 0 0 5 0.5 0 -1.59841 6.61261 -2.96285 6 0 0 1 1 1 0 0 0 0
14 classroom_0 classroom_0 -1.06908 -3.1507 -10.6448 0 0 0 1 1 1 1 1 1 1 none Noise1(Default) 13 1 0 -1 0 1 10 1 1 1 1 1 0 0 0 1 0.02 1 0.785398 0.392699 3 0.3 1 2 1 0.25 2.983 10 0 0 5 0.5 0 0 0 0 6 0 0 1 1 1 0 0 0 0
15 classroom_1 classroom_1 4.73795 -2.81617 -12.7841 0 0 0 1 1 1 1 1 1 1 none Noise1(Default) 13 1 0 -1 0 1 10 1 1 1 1 1 0 0 0 1 0.02 1 0.785398 0.392699 3 0.3 1 2 1 0.25 2.983 10 0 0 5 0.5 0 0 0 0 6 0 0 1 1 1 0 0 0 0
16 classroom_2 classroom_2 22.4981 3.43905 -4.03916 0 0 0 1 1 1 1 1 1 1 none Noise1(Default) 13 1 0 -1 0 1 10 1 1 1 1 1 0 0 0 1 0.02 1 0.785398 0.392699 3 0.3 1 2 1 0.25 2.983 10 0 0 5 0.5 0 0 0 0 6 0 0 1 1 1 0 0 0 0
17 classroom_3 classroom_3 11.9405 -2.17419 -12.5029 0 0 0 1 1 1 1 1 1 1 none Noise1(Default) 13 1 0 -1 0 1 10 1 1 1 1 1 0 0 0 1 0.02 1 0.785398 0.392699 3 0.3 1 2 1 0.25 2.983 10 0 0 5 0.5 0 0 0 0 6 0 0 1 1 1 0 0 0 0
18 classroom_4 classroom_4 -1.16236 -1.23768 14.0428 0 0 0 1 1 1 1 1 1 1 none Noise1(Default) 13 1 0 -1 0 1 10 1 1 1 1 1 0 0 0 1 0.02 1 0.785398 0.392699 3 0.3 1 2 1 0.25 2.983 10 0 0 5 0.5 0 0 0 0 6 0 0 1 1 1 0 0 0 0
19 classroom_5 classroom_5 1.17224 -2.42701 -9.11844 0 0 0 1 1 1 1 1 1 1 none Noise1(Default) 13 1 0 -1 0 1 10 1 1 1 1 1 0 0 0 1 0.02 1 0.785398 0.392699 3 0.3 1 2 1 0.25 2.983 10 0 0 5 0.5 0 0 0 0 6 0 0 1 1 1 0 0 0 0
20 classroom_6 classroom_6 2.6126 1.63363 -7.91318 0 0 0 1 1 1 1 1 1 1 none Noise1(Default) 13 1 0 -1 0 1 10 1 1 1 1 1 0 0 0 1 0.02 1 0.785398 0.392699 3 0.3 1 2 1 0.25 2.983 10 0 0 5 0.5 0 0 0 0 6 0 0 1 1 1 0 0 0 0
21 classroom_7 classroom_7 13.5984 1.21322 -31.5736 0 0 0 1 1 1 1 1 1 1 none Noise1(Default) 13 1 0 -1 0 1 10 1 1 1 1 1 0 0 0 1 0.02 1 0.785398 0.392699 3 0.3 1 2 1 0.25 2.983 10 0 0 5 0.5 0 0 0 0 6 0 0 1 1 1 0 0 0 0
22 classroom_8 classroom_8 1.71356 3.03738 -3.44586 0 0 0 1 1 1 1 1 1 1 none Noise1(Default) 13 1 0 -1 0 1 10 1 1 1 1 1 0 0 0 1 0.02 1 0.785398 0.392699 3 0.3 1 2 1 0.25 2.983 10 0 0 5 0.5 0 0 0 0 6 0 0 1 1 1 0 0 0 0
23 classroom_9 classroom_9 10.7984 8.38739 26.7739 0 0 0 1 1 1 1 1 1 1 none Noise1(Default) 13 1 0 -1 0 1 10 1 1 1 1 1 0 0 0 1 0.02 1 0.785398 0.392699 3 0.3 1 2 1 0.25 2.983 10 0 0 5 0.5 0 0 0 0 6 0 0 1 1 1 0 0 0 0
24 classroom_10 classroom_10 1.90939 -4.56724 -30.7603 0 0 0 1 1 1 1 1 1 1 none Noise1(Default) 13 1 0 -1 0 1 10 1 1 1 1 1 0 0 0 1 0.02 1 0.785398 0.392699 3 0.3 1 2 1 0.25 2.983 10 0 0 5 0.5 0 0 0 0 6 0 0 1 1 1 0 0 0 0
25 classroom_11 classroom_11 1.63069 5.08606 -3.31053 0 0 0 1 1 1 1 1 1 1 none Noise1(Default) 13 1 0 -1 0 1 10 1 1 1 1 1 0 0 0 1 0.02 1 0.785398 0.392699 3 0.3 1 2 1 0.25 2.983 10 0 0 5 0.5 0 0 0 0 6 0 0 1 1 1 0 0 0 0
26 classroom_12 classroom_12 1.36304 3.01751 -3.74491 0 0 0 1 1 1 1 1 1 1 none Noise1(Default) 13 1 0 -1 0 1 10 1 1 1 1 1 0 0 0 1 0.02 1 0.785398 0.392699 3 0.3 1 2 1 0.25 2.983 10 0 0 5 0.5 0 0 0 0 6 0 0 1 1 1 0 0 0 0
27 classroom_13 classroom_13 1.59841 -6.61261 -3.22635 0 0 0 1 1 1 1 1 1 1 none Noise1(Default) 13 1 0 -1 0 1 10 1 1 1 1 1 0 0 0 1 0.02 1 0.785398 0.392699 3 0.3 1 2 1 0.25 2.983 10 0 0 5 0.5 0 0 0 0 6 0 0 1 1 1 0 0 0 0
28 classroom_14 classroom_14 -20.0008 2.99247 -3.45222 0 0 0 1 1 1 1 1 1 1 none Noise1(Default) 13 1 0 -1 0 1 10 1 1 1 1 1 0 0 0 1 0.02 1 0.785398 0.392699 3 0.3 1 2 1 0.25 2.983 10 0 0 5 0.5 0 0 0 0 6 0 0 1 1 1 0 0 0 0
29 classroom_15 classroom_15 -16.008 -2.61261 23.4367 0 0 0 1 1 1 1 1 1 1 none Noise1(Default) 13 1 0 -1 0 1 10 1 1 1 1 1 0 0 0 1 0.02 1 0.785398 0.392699 3 0.3 1 2 1 0.25 2.983 10 0 0 5 0.5 0 0 0 0 6 0 0 1 1 1 0 0 0 0
30 classroom_16 classroom_16 1.59841 10.4395 -4.03715 0 0 0 1 1 1 1 1 1 1 none Noise1(Default) 13 1 0 -1 0 1 10 1 1 1 1 1 0 0 0 1 0.02 1 0.785398 0.392699 3 0.3 1 2 1 0.25 2.983 10 0 0 5 0.5 0 0 0 0 6 0 0 1 1 1 0 0 0 0
31 classroom_17 classroom_17 -16.8283 2.70923 23.1179 0 0 0 1 1 1 1 1 1 1 none Noise1(Default) 13 1 0 -1 0 1 10 1 1 1 1 1 0 0 0 1 0.02 1 0.785398 0.392699 3 0.3 1 2 1 0.25 2.983 10 0 0 5 0.5 0 0 0 0 6 0 0 1 1 1 0 0 0 0
32 classroom_18 classroom_18 1.59694 5.09473 -33.5744 0 0 0 1 1 1 1 1 1 1 none Noise1(Default) 13 1 0 -1 0 1 10 1 1 1 1 1 0 0 0 1 0.02 1 0.785398 0.392699 3 0.3 1 2 1 0.25 2.983 10 0 0 5 0.5 0 0 0 0 6 0 0 1 1 1 0 0 0 0
33 classroom_19 classroom_19 1.2779 2.46737 -3.66709 0 0 0 1 1 1 1 1 1 1 none Noise1(Default) 13 1 0 -1 0 1 10 1 1 1 1 1 0 0 0 1 0.02 1 0.785398 0.392699 3 0.3 1 2 1 0.25 2.983 10 0 0 5 0.5 0 0 0 0 6 0 0 1 1 1 0 0 0 0
34 classroom_20 classroom_20 22.4938 3.71911 11.2629 0 0 0 1 1 1 1 1 1 1 none Noise1(Default) 13 1 0 -1 0 1 10 1 1 1 1 1 0 0 0 1 0.02 1 0.785398 0.392699 3 0.3 1 2 1 0.25 2.983 10 0 0 5 0.5 0 0 0 0 6 0 0 1 1 1 0 0 0 0
35 classroom_21 classroom_21 17.8984 -0.112615 27.7629 0 0 0 1 1 1 1 1 1 1 none Noise1(Default) 13 1 0 -1 0 1 10 1 1 1 1 1 0 0 0 1 0.02 1 0.785398 0.392699 3 0.3 1 2 1 0.25 2.983 10 0 0 5 0.5 0 0 0 0 6 0 0 1 1 1 0 0 0 0
36 classroom_22 classroom_22 -1.1487 -1.18224 14.0606 0 0 0 1 1 1 1 1 1 1 none Noise1(Default) 13 1 0 -1 0 1 10 1 1 1 1 1 0 0 0 1 0.02 1 0.785398 0.392699 3 0.3 1 2 1 0.25 2.983 10 0 0 5 0.5 0 0 0 0 6 0 0 1 1 1 0 0 0 0
37 classroom_23 classroom_23 1.63383 -1.97185 -3.52673 0 0 0 1 1 1 1 1 1 1 none Noise1(Default) 13 1 0 -1 0 1 10 1 1 1 1 1 0 0 0 1 0.02 1 0.785398 0.392699 3 0.3 1 2 1 0.25 2.983 10 0 0 5 0.5 0 0 0 0 6 0 0 1 1 1 0 0 0 0
38 classroom_24 classroom_24 -18.8717 -0.0768237 -16.4263 0 0 0 1 1 1 1 1 1 1 none Noise1(Default) 13 1 0 -1 0 1 10 1 1 1 1 1 0 0 0 1 0.02 1 0.785398 0.392699 3 0.3 1 2 1 0.25 2.983 10 0 0 5 0.5 0 0 0 0 6 0 0 1 1 1 0 0 0 0
39 classroom_25 classroom_25 1.59841 -4.03555 13.9039 0 0 0 1 1 1 1 1 1 1 none Noise1(Default) 13 1 0 -1 0 1 10 1 1 1 1 1 0 0 0 1 0.02 1 0.785398 0.392699 3 0.3 1 2 1 0.25 2.983 10 0 0 5 0.5 0 0 0 0 6 0 0 1 1 1 0 0 0 0
40 classroom_26 classroom_26 6.04752 -3.86645 15.8567 0 0 0 1 1 1 1 1 1 1 none Noise1(Default) 13 1 0 -1 0 1 10 1 1 1 1 1 0 0 0 1 0.02 1 0.785398 0.392699 3 0.3 1 2 1 0.25 2.983 10 0 0 5 0.5 0 0 0 0 6 0 0 1 1 1 0 0 0 0
41 classroom_27 classroom_27 -19.3784 2.91975 -3.43715 0 0 0 1 1 1 1 1 1 1 none Noise1(Default) 13 1 0 -1 0 1 10 1 1 1 1 1 0 0 0 1 0.02 1 0.785398 0.392699 3 0.3 1 2 1 0.25 2.983 10 0 0 5 0.5 0 0 0 0 6 0 0 1 1 1 0 0 0 0
42 classroom_28 classroom_28 1.66216 2.46732 -3.66709 0 0 0 1 1 1 1 1 1 1 none Noise1(Default) 13 1 0 -1 0 1 10 1 1 1 1 1 0 0 0 1 0.02 1 0.785398 0.392699 3 0.3 1 2 1 0.25 2.983 10 0 0 5 0.5 0 0 0 0 6 0 0 1 1 1 0 0 0 0
43 classroom_29 classroom_29 1.39832 2.88739 -3.43715 0 0 0 1 1 1 1 1 1 1 none Noise1(Default) 13 1 0 -1 0 1 10 1 1 1 1 1 0 0 0 1 0.02 1 0.785398 0.392699 3 0.3 1 2 1 0.25 2.983 10 0 0 5 0.5 0 0 0 0 6 0 0 1 1 1 0 0 0 0
44 classroom_30 classroom_30 11.7914 -5.44965 25.1226 0 0 0 1 1 1 1 1 1 1 none Noise1(Default) 13 1 0 -1 0 1 10 1 1 1 1 1 0 0 0 1 0.02 1 0.785398 0.392699 3 0.3 1 2 1 0.25 2.983 10 0 0 5 0.5 0 0 0 0 6 0 0 1 1 1 0 0 0 0
45 classroom_31 classroom_31 -3.40159 2.92489 26.5159 0 0 0 1 1 1 1 1 1 1 none Noise1(Default) 13 1 0 -1 0 1 10 1 1 1 1 1 0 0 0 1 0.02 1 0.785398 0.392699 3 0.3 1 2 1 0.25 2.983 10 0 0 5 0.5 0 0 0 0 6 0 0 1 1 1 0 0 0 0
46 classroom_32 classroom_32 2.51714 -3.80796 -7.61397 0 0 0 1 1 1 1 1 1 1 none Noise1(Default) 13 1 0 -1 0 1 10 1 1 1 1 1 0 0 0 1 0.02 1 0.785398 0.392699 3 0.3 1 2 1 0.25 2.983 10 0 0 5 0.5 0 0 0 0 6 0 0 1 1 1 0 0 0 0
47 classroom_33 classroom_33 -17.4897 3.27952 -3.03715 0 0 0 1 1 1 1 1 1 1 none Noise1(Default) 13 1 0 -1 0 1 10 1 1 1 1 1 0 0 0 1 0.02 1 0.785398 0.392699 3 0.3 1 2 1 0.25 2.983 10 0 0 5 0.5 0 0 0 0 6 0 0 1 1 1 0 0 0 0
48 classroom_34 classroom_34 2.09841 -3.79242 -9.61355 0 0 0 1 1 1 1 1 1 1 none Noise1(Default) 13 1 0 -1 0 1 10 1 1 1 1 1 0 0 0 1 0.02 1 0.785398 0.392699 3 0.3 1 2 1 0.25 2.983 10 0 0 5 0.5 0 0 0 0 6 0 0 1 1 1 0 0 0 0
49 classroom_35 classroom_35 -5.40159 -3.53526 -4.22267 0 0 0 1 1 1 1 1 1 1 none Noise1(Default) 13 1 0 -1 0 1 10 1 1 1 1 1 0 0 0 1 0.02 1 0.785398 0.392699 3 0.3 1 2 1 0.25 2.983 10 0 0 5 0.5 0 0 0 0 6 0 0 1 1 1 0 0 0 0
50 classroom_36 classroom_36 7.7301 -3.54458 -8.85728 0 0 0 1 1 1 1 1 1 1 none Noise1(Default) 13 1 0 -1 0 1 10 1 1 1 1 1 0 0 0 1 0.02 1 0.785398 0.392699 3 0.3 1 2 1 0.25 2.983 10 0 0 5 0.5 0 0 0 0 6 0 0 1 1 1 0 0 0 0
51 classroom_37 classroom_37 1.59841 -3.393 -8.99718 0 0 0 1 1 1 1 1 1 1 none Noise1(Default) 13 1 0 -1 0 1 10 1 1 1 1 1 0 0 0 1 0.02 1 0.785398 0.392699 3 0.3 1 2 1 0.25 2.983 10 0 0 5 0.5 0 0 0 0 6 0 0 1 1 1 0 0 0 0
52 classroom_38 classroom_38 17.8984 -0.244615 26.6122 0 0 0 1 1 1 1 1 1 1 none Noise1(Default) 13 1 0 -1 0 1 10 1 1 1 1 1 0 0 0 1 0.02 1 0.785398 0.392699 3 0.3 1 2 1 0.25 2.983 10 0 0 5 0.5 0 0 0 0 6 0 0 1 1 1 0 0 0 0
53 classroom_39 classroom_39 -0.186065 -2.46967 -2.97651 0 0 0 1 1 1 1 1 1 1 none Noise1(Default) 13 1 0 -1 0 1 10 1 1 1 1 1 0 0 0 1 0.02 1 0.785398 0.392699 3 0.3 1 2 1 0.25 2.983 10 0 0 5 0.5 0 0 0 0 6 0 0 1 1 1 0 0 0 0
54 classroom_40 classroom_40 -18.8005 -0.0524683 -6.00319 0 0 0 1 1 1 1 1 1 1 none Noise1(Default) 13 1 0 -1 0 1 10 1 1 1 1 1 0 0 0 1 0.02 1 0.785398 0.392699 3 0.3 1 2 1 0.25 2.983 10 0 0 5 0.5 0 0 0 0 6 0 0 1 1 1 0 0 0 0
55 classroom_41 classroom_41 -18.8575 -0.415169 -2.99712 0 0 0 1 1 1 1 1 1 1 none Noise1(Default) 13 1 0 -1 0 1 10 1 1 1 1 1 0 0 0 1 0.02 1 0.785398 0.392699 3 0.3 1 2 1 0.25 2.983 10 0 0 5 0.5 0 0 0 0 6 0 0 1 1 1 0 0 0 0
56 classroom_42 classroom_42 -18.6373 -0.483863 -3.47865 0 0 0 1 1 1 1 1 1 1 none Noise1(Default) 13 1 0 -1 0 1 10 1 1 1 1 1 0 0 0 1 0.02 1 0.785398 0.392699 3 0.3 1 2 1 0.25 2.983 10 0 0 5 0.5 0 0 0 0 6 0 0 1 1 1 0 0 0 0
57 classroom_43 classroom_43 0.828659 -3.68307 17.6177 0 0 0 1 1 1 1 1 1 1 none Noise1(Default) 13 1 0 -1 0 1 10 1 1 1 1 1 0 0 0 1 0.02 1 0.785398 0.392699 3 0.3 1 2 1 0.25 2.983 10 0 0 5 0.5 0 0 0 0 6 0 0 1 1 1 0 0 0 0
58 light light58 0.0410343 0.273559 -0.212815 0 -0 0 0.2 0.2 0.2 1 1 1 1 none Noise1(Default) -1 1 0 -1 0 1 15 1 1 1 1 1 0 0 0 1 0.02 1 0.785398 0.392699 3 0.3 1 2 1 0.25 2.983 10 0 0 5 0.5 0 -0.400017 -0.348782 -1.97175 6 0 0 1 1 1 0 0 0 0
