13 empty sci-fi_group -0.225772 -0.552769 -3.49785 0 -0 0 1 1 1 1 1 1 1 none Noise1(Default) -1 1 0 -1 0 1 10 1 1 1 1 1 0 0 0 1 0.02 1 0.785398 0.392699 3 0.3 1 2 1 0.25 2.983 10 0 0 5 0.5 0 -3.39397 1.47182 -3.49785 6 0 0 1 1 1 0 0 0 0
14 sci-fi_0 sci-fi_0 -7.23175 -0.182368 1.98601 0 0 0 1 1 1 1 1 1 1 none Noise1(Default) 13 1 0 -1 0 1 10 1 1 1 1 1 0 0 0 1 0.02 1 0.785398 0.392699 3 0.3 1 2 1 0.25 2.983 10 0 0 5 0.5 0 0 0 0 6 0 0 1 1 1 0 0 0 0
15 sci-fi_1 sci-fi_1 -6.86099 -0.168774 1.86821 0 0 0 1 1 1 1 1 1 1 none Noise1(Default) 13 1 0 -1 0 1 10 1 1 1 1 1 0 0 0 1 0.02 1 0.785398 0.392699 3 0.3 1 2 1 0.25 2.983 10 0 0 5 0.5 0 0 0 0 6 0 0 1 1 1 0 0 0 0
16 sci-fi_2 sci-fi_2 -0.606033 -1.43575 0.498641 0 0 0 1 1 1 1 1 1 1 none Noise1(Default) 13 1 0 -1 0 1 10 1 1 1 1 1 0 0 0 1 0.02 1 0.785398 0.392699 3 0.3 1 2 1 0.25 2.983 10 0 0 5 0.5 0 0 0 0 6 0 0 1 1 1 0 0 0 0
17 sci-fi_3 sci-fi_3 6.41253 2.02816 -1.50215 0 0 0 1 1 1 1 1 1 1 none Noise1(Default) 13 1 0 -1 0 1 10 1 1 1 1 1 0 0 0 1 0.02 1 0.785398 0.392699 3 0.3 1 2 1 0.25 2.983 10 0 0 5 0.5 0 0 0 0 6 0 0 1 1 1 0 0 0 0
18 sci-fi_4 sci-fi_4 0.357452 -0.527101 2.40971 0 0 0 1 1 1 1 1 1 1 none Noise1(Default) 13 1 0 -1 0 1 10 1 1 1 1 1 0 0 0 1 0.02 1 0.785398 0.392699 3 0.3 1 2 1 0.25 2.983 10 0 0 5 0.5 0 0 0 0 6 0 0 1 1 1 0 0 0 0
19 sci-fi_5 sci-fi_5 0.357452 -0.494187 2.40971 0 0 0 1 1 1 1 1 1 1 none Noise1(Default) 13 1 0 -1 0 1 10 1 1 1 1 1 0 0 0 1 0.02 1 0.785398 0.392699 3 0.3 1 2 1 0.25 2.983 10 0 0 5 0.5 0 0 0 0 6 0 0 1 1 1 0 0 0 0
20 sci-fi_6 sci-fi_6 5.44392 0.0281762 -1.50215 0 0 0 1 1 1 1 1 1 1 none Noise1(Default) 13 1 0 -1 0 1 10 1 1 1 1 1 0 0 0 1 0.02 1 0.785398 0.392699 3 0.3 1 2 1 0.25 2.983 10 0 0 5 0.5 0 0 0 0 6 0 0 1 1 1 0 0 0 0
21 sci-fi_7 sci-fi_7 -4.28508 0.0777012 -3.28051 0 0 0 1 1 1 1 1 1 1 none Noise1(Default) 13 1 0 -1 0 1 10 1 1 1 1 1 0 0 0 1 0.02 1 0.785398 0.392699 3 0.3 1 2 1 0.25 2.983 10 0 0 5 0.5 0 0 0 0 6 0 0 1 1 1 0 0 0 0
22 sci-fi_8 sci-fi_8 5.59586 -0.700134 -1.49118 0 0 0 1 1 1 1 1 1 1 none Noise1(Default) 13 1 0 -1 0 1 10 1 1 1 1 1 0 0 0 1 0.02 1 0.785398 0.392699 3 0.3 1 2 1 0.25 2.983 10 0 0 5 0.5 0 0 0 0 6 0 0 1 1 1 0 0 0 0
23 sci-fi_9 sci-fi_9 0.393968 0.515328 -1.51675 0 0 0 1 1 1 1 1 1 1 none Noise1(Default) 13 1 0 -1 0 1 10 1 1 1 1 1 0 0 0 1 0.02 1 0.785398 0.392699 3 0.3 1 2 1 0.25 2.983 10 0 0 5 0.5 0 0 0 0 6 0 0 1 1 1 0 0 0 0
24 sci-fi_10 sci-fi_10 0.393967 -1.40487 -1.50215 0 0 0 1 1 1 1 1 1 1 none Noise1(Default) 13 1 0 -1 0 1 10 1 1 1 1 1 0 0 0 1 0.02 1 0.785398 0.392699 3 0.3 1 2 1 0.25 2.983 10 0 0 5 0.5 0 0 0 0 6 0 0 1 1 1 0 0 0 0
25 sci-fi_11 sci-fi_11 0.393969 0.694488 -1.51675 0 0 0 1 1 1 1 1 1 1 none Noise1(Default) 13 1 0 -1 0 1 10 1 1 1 1 1 0 0 0 1 0.02 1 0.785398 0.392699 3 0.3 1 2 1 0.25 2.983 10 0 0 5 0.5 0 0 0 0 6 0 0 1 1 1 0 0 0 0
26 sci-fi_12 sci-fi_12 1.3909 -1.07759 2.81284 0 0 0 1 1 1 1 1 1 1 none Noise1(Default) 13 1 0 -1 0 1 10 1 1 1 1 1 0 0 0 1 0.02 1 0.785398 0.392699 3 0.3 1 2 1 0.25 2.983 10 0 0 5 0.5 0 0 0 0 6 0 0 1 1 1 0 0 0 0
27 sci-fi_13 sci-fi_13 -0.606033 2.55272 0.497847 0 0 0 1 1 1 1 1 1 1 none Noise1(Default) 13 1 0 -1 0 1 10 1 1 1 1 1 0 0 0 1 0.02 1 0.785398 0.392699 3 0.3 1 2 1 0.25 2.983 10 0 0 5 0.5 0 0 0 0 6 0 0 1 1 1 0 0 0 0
28 sci-fi_14 sci-fi_14 -7.21523 -0.139026 -1.59759 0 0 0 1 1 1 1 1 1 1 none Noise1(Default) 13 1 0 -1 0 1 10 1 1 1 1 1 0 0 0 1 0.02 1 0.785398 0.392699 3 0.3 1 2 1 0.25 2.983 10 0 0 5 0.5 0 0 0 0 6 0 0 1 1 1 0 0 0 0
29 sci-fi_15 sci-fi_15 1.38969 -0.474377 2.81445 0 0 0 1 1 1 1 1 1 1 none Noise1(Default) 13 1 0 -1 0 1 10 1 1 1 1 1 0 0 0 1 0.02 1 0.785398 0.392699 3 0.3 1 2 1 0.25 2.983 10 0 0 5 0.5 0 0 0 0 6 0 0 1 1 1 0 0 0 0
30 sci-fi_16 sci-fi_16 3.39397 0.570927 -2.69617 0 0 0 1 1 1 1 1 1 1 none Noise1(Default) 13 1 0 -1 0 1 10 1 1 1 1 1 0 0 0 1 0.02 1 0.785398 0.392699 3 0.3 1 2 1 0.25 2.983 10 0 0 5 0.5 0 0 0 0 6 0 0 1 1 1 0 0 0 0
31 sci-fi_17 sci-fi_17 -1.71382 -0.0397183 -1.65029 0 0 0 1 1 1 1 1 1 1 none Noise1(Default) 13 1 0 -1 0 1 10 1 1 1 1 1 0 0 0 1 0.02 1 0.785398 0.392699 3 0.3 1 2 1 0.25 2.983 10 0 0 5 0.5 0 0 0 0 6 0 0 1 1 1 0 0 0 0
32 sci-fi_18 sci-fi_18 2.33113 -0.626708 3.09221 0 0 0 1 1 1 1 1 1 1 none Noise1(Default) 13 1 0 -1 0 1 10 1 1 1 1 1 0 0 0 1 0.02 1 0.785398 0.392699 3 0.3 1 2 1 0.25 2.983 10 0 0 5 0.5 0 0 0 0 6 0 0 1 1 1 0 0 0 0
33 sci-fi_19 sci-fi_19 2.33113 -0.619946 3.09221 0 0 0 1 1 1 1 1 1 1 none Noise1(Default) 13 1 0 -1 0 1 10 1 1 1 1 1 0 0 0 1 0.02 1 0.785398 0.392699 3 0.3 1 2 1 0.25 2.983 10 0 0 5 0.5 0 0 0 0 6 0 0 1 1 1 0 0 0 0
34 sci-fi_20 sci-fi_20 -1.29939 -0.804774 0.851143 0 0 0 1 1 1 1 1 1 1 none Noise1(Default) 13 1 0 -1 0 1 10 1 1 1 1 1 0 0 0 1 0.02 1 0.785398 0.392699 3 0.3 1 2 1 0.25 2.983 10 0 0 5 0.5 0 0 0 0 6 0 0 1 1 1 0 0 0 0
35 sci-fi_21 sci-fi_21 3.39397 0.510005 -2.67621 0 0 0 1 1 1 1 1 1 1 none Noise1(Default) 13 1 0 -1 0 1 10 1 1 1 1 1 0 0 0 1 0.02 1 0.785398 0.392699 3 0.3 1 2 1 0.25 2.983 10 0 0 5 0.5 0 0 0 0 6 0 0 1 1 1 0 0 0 0
36 sci-fi_22 sci-fi_22 -7.11985 0.102163 -1.59759 0 0 0 1 1 1 1 1 1 1 none Noise1(Default) 13 1 0 -1 0 1 10 1 1 1 1 1 0 0 0 1 0.02 1 0.785398 0.392699 3 0.3 1 2 1 0.25 2.983 10 0 0 5 0.5 0 0 0 0 6 0 0 1 1 1 0 0 0 0
37 sci-fi_23 sci-fi_23 6.08425 -0.0205559 -1.48526 0 0 0 1 1 1 1 1 1 1 none Noise1(Default) 13 1 0 -1 0 1 10 1 1 1 1 1 0 0 0 1 0.02 1 0.785398 0.392699 3 0.3 1 2 1 0.25 2.983 10 0 0 5 0.5 0 0 0 0 6 0 0 1 1 1 0 0 0 0
38 sci-fi_24 sci-fi_24 -0.847075 2.00651 0.25195 0 0 0 1 1 1 1 1 1 1 none Noise1(Default) 13 1 0 -1 0 1 10 1 1 1 1 1 0 0 0 1 0.02 1 0.785398 0.392699 3 0.3 1 2 1 0.25 2.983 10 0 0 5 0.5 0 0 0 0 6 0 0 1 1 1 0 0 0 0
39 sci-fi_25 sci-fi_25 -0.634733 1.52818 0.464292 0 0 0 1 1 1 1 1 1 1 none Noise1(Default) 13 1 0 -1 0 1 10 1 1 1 1 1 0 0 0 1 0.02 1 0.785398 0.392699 3 0.3 1 2 1 0.25 2.983 10 0 0 5 0.5 0 0 0 0 6 0 0 1 1 1 0 0 0 0
40 sci-fi_26 sci-fi_26 -0.606033 -1.42665 0.497847 0 0 0 1 1 1 1 1 1 1 none Noise1(Default) 13 1 0 -1 0 1 10 1 1 1 1 1 0 0 0 1 0.02 1 0.785398 0.392699 3 0.3 1 2 1 0.25 2.983 10 0 0 5 0.5 0 0 0 0 6 0 0 1 1 1 0 0 0 0
41 sci-fi_27 sci-fi_27 -0.638141 -0.471824 0.4677 0 0 0 1 1 1 1 1 1 1 none Noise1(Default) 13 1 0 -1 0 1 10 1 1 1 1 1 0 0 0 1 0.02 1 0.785398 0.392699 3 0.3 1 2 1 0.25 2.983 10 0 0 5 0.5 0 0 0 0 6 0 0 1 1 1 0 0 0 0
42 light light42 -0.93667 0.113438 -1.91017 0 0 0 0.2 0.2 0.2 1 1 1 1 none Noise1(Default) -1 1 0 -1 0 1 15 1 1 1 1 1 0 0 0 1 0.02 1 0.785398 0.392699 3 0.3 1 2 1 0.25 2.983 10 0 0 5 0.5 0 -0.93667 0.113438 -1.91017 6 0 0 1 1 1 0 0 0 0
